QBlade v0.963 64bit

 Calculated polar for: SG6043

 1 1 Reynolds number fixed          Mach number fixed         

 xtrf =   1.000 (top)        1.000 (bottom)
 Mach =   0.000     Re =     0.050 e 6     Ncrit =   9.000

  alpha     CL        CD       CDp       Cm    Top Xtr Bot Xtr   Cpmin    Chinge    XCp    
 ------- -------- --------- --------- -------- ------- ------- -------- --------- ---------
 -28.900  -0.6703   0.38216   0.37410   0.0319  1.0000  0.0343  -1.4286   0.0000   0.2696
 -28.800  -0.6640   0.37117   0.36308   0.0320  1.0000  0.0345  -1.3970   0.0000   0.2699
 -28.700  -0.6604   0.36480   0.35669   0.0319  1.0000  0.0347  -1.3767   0.0000   0.2699
 -28.600  -0.6577   0.36027   0.35214   0.0317  1.0000  0.0349  -1.3620   0.0000   0.2698
 -28.500  -0.6555   0.35670   0.34855   0.0314  1.0000  0.0351  -1.3505   0.0000   0.2695
 -28.400  -0.6535   0.35371   0.34555   0.0310  1.0000  0.0353  -1.3413   0.0000   0.2691
 -28.300  -0.6517   0.35111   0.34294   0.0306  1.0000  0.0355  -1.3338   0.0000   0.2687
 -28.200  -0.6499   0.34878   0.34060   0.0302  1.0000  0.0357  -1.3275   0.0000   0.2682
 -28.100  -0.6482   0.34664   0.33844   0.0297  1.0000  0.0359  -1.3222   0.0000   0.2677
 -28.000  -0.6464   0.34464   0.33643   0.0292  1.0000  0.0362  -1.3178   0.0000   0.2671
 -27.900  -0.6447   0.34275   0.33453   0.0286  1.0000  0.0364  -1.3141   0.0000   0.2666
 -27.800  -0.6429   0.34093   0.33271   0.0281  1.0000  0.0366  -1.3110   0.0000   0.2659
 -27.700  -0.6411   0.33918   0.33095   0.0275  1.0000  0.0369  -1.3085   0.0000   0.2653
 -27.600  -0.6393   0.33749   0.32924   0.0270  1.0000  0.0371  -1.3064   0.0000   0.2646
 -27.500  -0.6375   0.33582   0.32757   0.0264  1.0000  0.0374  -1.3044   0.0000   0.2639
 -27.400  -0.6356   0.33418   0.32592   0.0258  1.0000  0.0378  -1.3022   0.0000   0.2632
 -27.300  -0.6338   0.33257   0.32430   0.0252  1.0000  0.0381  -1.2998   0.0000   0.2625
 -27.200  -0.6319   0.33099   0.32271   0.0246  1.0000  0.0386  -1.2975   0.0000   0.2618
 -27.100  -0.6300   0.32943   0.32115   0.0240  1.0000  0.0390  -1.2955   0.0000   0.2611
 -27.000  -0.6281   0.32791   0.31962   0.0234  1.0000  0.0395  -1.2939   0.0000   0.2604
 -26.900  -0.6261   0.32640   0.31810   0.0227  1.0000  0.0401  -1.2927   0.0000   0.2596
 -26.800  -0.6241   0.32491   0.31661   0.0221  1.0000  0.0406  -1.2920   0.0000   0.2588
 -26.700  -0.6222   0.32344   0.31513   0.0215  1.0000  0.0411  -1.2917   0.0000   0.2580
 -26.600  -0.6201   0.32198   0.31366   0.0208  1.0000  0.0416  -1.2918   0.0000   0.2572
 -26.500  -0.6181   0.32053   0.31220   0.0202  1.0000  0.0421  -1.2923   0.0000   0.2563
 -26.400  -0.6161   0.31909   0.31075   0.0195  1.0000  0.0425  -1.2929   0.0000   0.2555
 -26.300  -0.6140   0.31765   0.30931   0.0188  1.0000  0.0429  -1.2937   0.0000   0.2546
 -26.200  -0.6119   0.31621   0.30787   0.0182  1.0000  0.0433  -1.2945   0.0000   0.2538
 -26.100  -0.6098   0.31479   0.30643   0.0175  1.0000  0.0436  -1.2951   0.0000   0.2529
 -26.000  -0.6077   0.31337   0.30495   0.0168  1.0000  0.0439  -1.2953   0.0000   0.2520
 -25.900  -0.6056   0.31196   0.30354   0.0162  1.0000  0.0442  -1.2956   0.0000   0.2511
 -25.800  -0.6034   0.31057   0.30215   0.0155  1.0000  0.0445  -1.2956   0.0000   0.2502
 -25.700  -0.6013   0.30919   0.30076   0.0148  1.0000  0.0448  -1.2953   0.0000   0.2493
 -25.600  -0.5991   0.30783   0.29939   0.0142  1.0000  0.0452  -1.2948   0.0000   0.2483
 -25.500  -0.5969   0.30648   0.29804   0.0135  1.0000  0.0455  -1.2941   0.0000   0.2474
 -25.400  -0.5947   0.30515   0.29670   0.0128  1.0000  0.0457  -1.2931   0.0000   0.2465
 -25.300  -0.5925   0.30384   0.29539   0.0121  1.0000  0.0460  -1.2919   0.0000   0.2455
 -25.200  -0.5902   0.30255   0.29409   0.0114  1.0000  0.0463  -1.2905   0.0000   0.2445
 -25.100  -0.5880   0.30129   0.29282   0.0107  1.0000  0.0466  -1.2889   0.0000   0.2435
 -25.000  -0.5857   0.30005   0.29158   0.0100  1.0000  0.0469  -1.2871   0.0000   0.2425
 -24.900  -0.5834   0.29885   0.29038   0.0093  1.0000  0.0471  -1.2852   0.0000   0.2415
 -24.800  -0.5811   0.29769   0.28921   0.0086  1.0000  0.0474  -1.2831   0.0000   0.2405
 -24.700  -0.5788   0.29656   0.28808   0.0079  1.0000  0.0476  -1.2810   0.0000   0.2394
 -24.600  -0.5765   0.29549   0.28700   0.0072  1.0000  0.0479  -1.2788   0.0000   0.2383
 -24.500  -0.5743   0.29447   0.28598   0.0065  1.0000  0.0481  -1.2766   0.0000   0.2372
 -24.400  -0.5720   0.29351   0.28502   0.0057  1.0000  0.0483  -1.2744   0.0000   0.2361
 -24.300  -0.5697   0.29261   0.28412   0.0050  1.0000  0.0485  -1.2723   0.0000   0.2350
 -24.200  -0.5675   0.29178   0.28328   0.0042  1.0000  0.0487  -1.2701   0.0000   0.2338
 -24.100  -0.5653   0.29102   0.28252   0.0035  1.0000  0.0488  -1.2681   0.0000   0.2326
 -24.000  -0.5631   0.29033   0.28183   0.0027  1.0000  0.0490  -1.2660   0.0000   0.2314
 -23.900  -0.5610   0.28970   0.28120   0.0020  1.0000  0.0491  -1.2639   0.0000   0.2302
 -23.800  -0.5589   0.28914   0.28063   0.0012  1.0000  0.0493  -1.2619   0.0000   0.2290
 -23.700  -0.5569   0.28863   0.28013   0.0004  1.0000  0.0494  -1.2598   0.0000   0.2278
 -23.600  -0.5549   0.28818   0.27968  -0.0004  1.0000  0.0495  -1.2577   0.0000   0.2265
 -23.500  -0.5529   0.28778   0.27927  -0.0011  1.0000  0.0496  -1.2556   0.0000   0.2253
 -23.400  -0.5510   0.28742   0.27892  -0.0019  1.0000  0.0497  -1.2534   0.0000   0.2240
 -23.300  -0.5492   0.28710   0.27859  -0.0027  1.0000  0.0497  -1.2511   0.0000   0.2228
 -23.200  -0.5474   0.28681   0.27831  -0.0034  1.0000  0.0498  -1.2488   0.0000   0.2216
 -23.100  -0.5456   0.28654   0.27805  -0.0042  1.0000  0.0499  -1.2463   0.0000   0.2203
 -23.000  -0.5439   0.28630   0.27781  -0.0049  1.0000  0.0499  -1.2438   0.0000   0.2191
 -22.900  -0.5422   0.28609   0.27759  -0.0056  1.0000  0.0500  -1.2411   0.0000   0.2179
 -22.800  -0.5405   0.28589   0.27740  -0.0064  1.0000  0.0500  -1.2384   0.0000   0.2166
 -22.700  -0.5389   0.28570   0.27721  -0.0071  1.0000  0.0501  -1.2355   0.0000   0.2154
 -22.600  -0.5373   0.28552   0.27704  -0.0078  1.0000  0.0501  -1.2325   0.0000   0.2142
 -22.500  -0.5357   0.28536   0.27688  -0.0085  1.0000  0.0502  -1.2295   0.0000   0.2130
 -22.400  -0.5342   0.28521   0.27673  -0.0092  1.0000  0.0502  -1.2264   0.0000   0.2118
 -22.300  -0.5327   0.28506   0.27659  -0.0099  1.0000  0.0502  -1.2231   0.0000   0.2106
 -22.200  -0.5312   0.28492   0.27646  -0.0106  1.0000  0.0503  -1.2198   0.0000   0.2094
 -21.100  -0.5058   0.26941   0.26095  -0.0168  1.0000  0.0509  -1.2280   0.0000   0.1971
 -21.000  -0.4981   0.26082   0.25232  -0.0165  1.0000  0.0513  -1.1948   0.0000   0.1967
 -20.900  -0.4931   0.25605   0.24754  -0.0165  1.0000  0.0517  -1.1737   0.0000   0.1962
 -20.800  -0.4890   0.25265   0.24413  -0.0166  1.0000  0.0520  -1.1576   0.0000   0.1956
 -20.700  -0.4855   0.24996   0.24144  -0.0168  1.0000  0.0523  -1.1446   0.0000   0.1949
 -20.600  -0.4822   0.24771   0.23919  -0.0171  1.0000  0.0526  -1.1337   0.0000   0.1941
 -20.500  -0.4790   0.24574   0.23722  -0.0174  1.0000  0.0529  -1.1242   0.0000   0.1933
 -20.400  -0.4760   0.24398   0.23545  -0.0177  1.0000  0.0532  -1.1159   0.0000   0.1924
 -20.300  -0.4731   0.24236   0.23383  -0.0180  1.0000  0.0535  -1.1086   0.0000   0.1915
 -20.200  -0.4703   0.24084   0.23231  -0.0184  1.0000  0.0538  -1.1020   0.0000   0.1905
 -20.100  -0.4675   0.23941   0.23089  -0.0187  1.0000  0.0541  -1.0961   0.0000   0.1896
 -20.000  -0.4647   0.23805   0.22953  -0.0191  1.0000  0.0545  -1.0907   0.0000   0.1886
 -19.900  -0.4620   0.23675   0.22822  -0.0195  1.0000  0.0548  -1.0858   0.0000   0.1875
 -19.800  -0.4593   0.23548   0.22696  -0.0199  1.0000  0.0551  -1.0814   0.0000   0.1865
 -19.700  -0.4566   0.23425   0.22574  -0.0203  1.0000  0.0555  -1.0773   0.0000   0.1854
 -19.600  -0.4539   0.23306   0.22454  -0.0207  1.0000  0.0558  -1.0736   0.0000   0.1843
 -19.500  -0.4513   0.23189   0.22338  -0.0211  1.0000  0.0562  -1.0701   0.0000   0.1832
 -19.400  -0.4487   0.23074   0.22223  -0.0215  1.0000  0.0566  -1.0670   0.0000   0.1820
 -19.300  -0.4460   0.22962   0.22111  -0.0219  1.0000  0.0570  -1.0641   0.0000   0.1809
 -19.200  -0.4434   0.22851   0.22001  -0.0223  1.0000  0.0573  -1.0615   0.0000   0.1797
 -19.100  -0.4408   0.22742   0.21892  -0.0227  1.0000  0.0577  -1.0591   0.0000   0.1786
 -19.000  -0.4383   0.22634   0.21785  -0.0231  1.0000  0.0581  -1.0569   0.0000   0.1774
 -18.900  -0.4357   0.22528   0.21680  -0.0235  1.0000  0.0585  -1.0550   0.0000   0.1762
 -18.800  -0.4331   0.22424   0.21576  -0.0240  1.0000  0.0589  -1.0532   0.0000   0.1750
 -18.700  -0.4306   0.22321   0.21473  -0.0244  1.0000  0.0594  -1.0516   0.0000   0.1738
 -18.600  -0.4281   0.22219   0.21372  -0.0248  1.0000  0.0598  -1.0502   0.0000   0.1725
 -18.500  -0.4255   0.22119   0.21272  -0.0252  1.0000  0.0602  -1.0490   0.0000   0.1713
 -18.400  -0.4230   0.22019   0.21174  -0.0256  1.0000  0.0606  -1.0480   0.0000   0.1700
 -18.300  -0.4205   0.21922   0.21077  -0.0260  1.0000  0.0611  -1.0472   0.0000   0.1688
 -18.200  -0.4180   0.21825   0.20981  -0.0264  1.0000  0.0615  -1.0466   0.0000   0.1675
 -18.100  -0.4156   0.21730   0.20887  -0.0268  1.0000  0.0620  -1.0462   0.0000   0.1662
 -18.000  -0.4131   0.21637   0.20794  -0.0272  1.0000  0.0625  -1.0461   0.0000   0.1649
 -17.900  -0.4107   0.21545   0.20703  -0.0276  1.0000  0.0629  -1.0462   0.0000   0.1636
 -17.800  -0.4083   0.21456   0.20614  -0.0280  1.0000  0.0634  -1.0466   0.0000   0.1623
 -17.700  -0.4060   0.21368   0.20527  -0.0284  1.0000  0.0639  -1.0474   0.0000   0.1609
 -17.600  -0.4036   0.21282   0.20435  -0.0288  1.0000  0.0644  -1.0487   0.0000   0.1596
 -17.500  -0.4013   0.21199   0.20353  -0.0293  1.0000  0.0649  -1.0502   0.0000   0.1582
 -17.400  -0.3991   0.21119   0.20274  -0.0297  1.0000  0.0654  -1.0523   0.0000   0.1568
 -17.300  -0.3970   0.21043   0.20199  -0.0301  1.0000  0.0659  -1.0551   0.0000   0.1554
 -17.200  -0.3950   0.20975   0.20132  -0.0306  1.0000  0.0663  -1.0587   0.0000   0.1539
 -17.100  -0.3931   0.20916   0.20074  -0.0311  1.0000  0.0668  -1.0633   0.0000   0.1524
 -17.000  -0.3914   0.20871   0.20030  -0.0316  1.0000  0.0673  -1.0689   0.0000   0.1510
 -16.900  -0.3899   0.20840   0.20000  -0.0321  1.0000  0.0677  -1.0758   0.0000   0.1495
 -16.800  -0.3887   0.20825   0.19987  -0.0326  1.0000  0.0680  -1.0839   0.0000   0.1480
 -16.700  -0.3877   0.20826   0.19989  -0.0331  1.0000  0.0684  -1.0932   0.0000   0.1466
 -16.600  -0.3870   0.20839   0.20003  -0.0337  1.0000  0.0686  -1.1033   0.0000   0.1452
 -16.500  -0.3866   0.20861   0.20027  -0.0342  1.0000  0.0689  -1.1141   0.0000   0.1439
 -16.400  -0.3864   0.20890   0.20058  -0.0347  1.0000  0.0691  -1.1254   0.0000   0.1428
 -16.300  -0.3865   0.20921   0.20091  -0.0352  1.0000  0.0692  -1.1370   0.0000   0.1417
 -16.200  -0.3867   0.20954   0.20125  -0.0357  1.0000  0.0694  -1.1487   0.0000   0.1407
 -16.100  -0.3870   0.20985   0.20159  -0.0362  1.0000  0.0695  -1.1605   0.0000   0.1398
 -16.000  -0.3875   0.21014   0.20190  -0.0366  1.0000  0.0696  -1.1724   0.0000   0.1390
 -15.900  -0.3881   0.21040   0.20218  -0.0370  1.0000  0.0697  -1.1843   0.0000   0.1383
 -15.800  -0.3887   0.21063   0.20242  -0.0374  1.0000  0.0698  -1.1962   0.0000   0.1376
 -15.700  -0.3895   0.21081   0.20262  -0.0379  1.0000  0.0698  -1.2081   0.0000   0.1370
 -15.600  -0.3902   0.21093   0.20277  -0.0382  1.0000  0.0699  -1.2200   0.0000   0.1363
 -15.500  -0.3908   0.21097   0.20283  -0.0387  1.0000  0.0700  -1.2318   0.0000   0.1357
 -15.400  -0.3913   0.21090   0.20278  -0.0391  1.0000  0.0700  -1.2432   0.0000   0.1349
 -15.300  -0.3915   0.21074   0.20263  -0.0395  1.0000  0.0701  -1.2542   0.0000   0.1341
 -15.200  -0.3917   0.21048   0.20240  -0.0399  1.0000  0.0701  -1.2648   0.0000   0.1334
 -15.100  -0.3917   0.21017   0.20210  -0.0403  1.0000  0.0702  -1.2752   0.0000   0.1326
 -15.000  -0.3663   0.19453   0.18645  -0.0389  1.0000  0.0714  -1.1863   0.0000   0.1275
 -14.900  -0.3570   0.18948   0.18139  -0.0384  1.0000  0.0722  -1.1475   0.0000   0.1258
 -14.800  -0.3518   0.18670   0.17861  -0.0382  1.0000  0.0729  -1.1262   0.0000   0.1247
 -14.700  -0.3478   0.18464   0.17656  -0.0380  1.0000  0.0735  -1.1112   0.0000   0.1237
 -14.600  -0.3445   0.18295   0.17487  -0.0379  1.0000  0.0742  -1.0997   0.0000   0.1229
 -14.500  -0.3416   0.18147   0.17340  -0.0379  1.0000  0.0748  -1.0906   0.0000   0.1220
 -14.400  -0.3390   0.18013   0.17207  -0.0379  1.0000  0.0755  -1.0833   0.0000   0.1212
 -14.300  -0.3365   0.17888   0.17083  -0.0379  1.0000  0.0762  -1.0775   0.0000   0.1203
 -14.200  -0.3343   0.17770   0.16967  -0.0379  1.0000  0.0769  -1.0727   0.0000   0.1195
 -14.100  -0.3322   0.17658   0.16856  -0.0380  1.0000  0.0776  -1.0689   0.0000   0.1187
 -14.000  -0.3302   0.17550   0.16749  -0.0380  1.0000  0.0783  -1.0659   0.0000   0.1179
 -13.900  -0.3283   0.17444   0.16645  -0.0381  1.0000  0.0790  -1.0637   0.0000   0.1171
 -13.800  -0.3264   0.17342   0.16544  -0.0382  1.0000  0.0798  -1.0621   0.0000   0.1163
 -13.700  -0.3247   0.17242   0.16446  -0.0382  1.0000  0.0806  -1.0612   0.0000   0.1155
 -13.600  -0.3231   0.17145   0.16350  -0.0383  1.0000  0.0813  -1.0608   0.0000   0.1148
 -13.500  -0.3216   0.17049   0.16256  -0.0384  1.0000  0.0821  -1.0610   0.0000   0.1140
 -13.400  -0.3202   0.16957   0.16165  -0.0385  1.0000  0.0830  -1.0619   0.0000   0.1133
 -13.300  -0.3189   0.16867   0.16077  -0.0386  1.0000  0.0838  -1.0633   0.0000   0.1127
 -13.200  -0.3177   0.16781   0.15993  -0.0386  1.0000  0.0846  -1.0655   0.0000   0.1120
 -13.100  -0.3166   0.16700   0.15914  -0.0387  1.0000  0.0855  -1.0685   0.0000   0.1114
 -13.000  -0.3158   0.16625   0.15841  -0.0389  1.0000  0.0864  -1.0725   0.0000   0.1109
 -12.900  -0.3152   0.16559   0.15777  -0.0390  1.0000  0.0873  -1.0777   0.0000   0.1104
 -12.800  -0.3149   0.16507   0.15727  -0.0391  1.0000  0.0881  -1.0846   0.0000   0.1100
 -12.700  -0.3151   0.16472   0.15694  -0.0393  1.0000  0.0889  -1.0935   0.0000   0.1097
 -12.600  -0.3159   0.16460   0.15685  -0.0395  1.0000  0.0897  -1.1049   0.0000   0.1096
 -12.500  -0.3175   0.16472   0.15700  -0.0397  1.0000  0.0903  -1.1188   0.0000   0.1098
 -12.400  -0.3196   0.16504   0.15735  -0.0400  1.0000  0.0908  -1.1347   0.0000   0.1102
 -12.300  -0.3223   0.16548   0.15783  -0.0402  1.0000  0.0912  -1.1518   0.0000   0.1109
 -12.200  -0.3254   0.16598   0.15836  -0.0404  1.0000  0.0916  -1.1695   0.0000   0.1118
 -12.100  -0.3285   0.16646   0.15887  -0.0406  1.0000  0.0918  -1.1873   0.0000   0.1128
 -12.000  -0.3318   0.16688   0.15934  -0.0408  1.0000  0.0920  -1.2050   0.0000   0.1138
 -11.900  -0.3349   0.16724   0.15973  -0.0409  1.0000  0.0922  -1.2222   0.0000   0.1149
 -11.800  -0.3379   0.16751   0.16004  -0.0411  1.0000  0.0924  -1.2389   0.0000   0.1159
 -11.700  -0.3408   0.16770   0.16027  -0.0412  1.0000  0.0925  -1.2549   0.0000   0.1170
 -11.600  -0.3437   0.16783   0.16043  -0.0412  1.0000  0.0926  -1.2705   0.0000   0.1181
 -11.500  -0.3464   0.16787   0.16051  -0.0413  1.0000  0.0927  -1.2851   0.0000   0.1193
 -11.400  -0.3491   0.16786   0.16054  -0.0412  1.0000  0.0928  -1.2995   0.0000   0.1205
 -11.200  -0.3544   0.16766   0.16032  -0.0411  1.0000  0.0929  -1.3252   0.0000   0.1232
 -11.100  -0.3152   0.15132   0.14390  -0.0389  1.0000  0.0960  -1.1884   0.0000   0.1136
 -11.000  -0.3092   0.14888   0.14146  -0.0382  1.0000  0.0972  -1.1636   0.0000   0.1133
 -10.900  -0.3058   0.14721   0.13981  -0.0377  1.0000  0.0983  -1.1491   0.0000   0.1136
 -10.800  -0.3036   0.14588   0.13849  -0.0372  1.0000  0.0993  -1.1395   0.0000   0.1142
 -10.700  -0.3020   0.14472   0.13736  -0.0368  1.0000  0.1004  -1.1332   0.0000   0.1151
 -10.600  -0.3009   0.14369   0.13635  -0.0364  1.0000  0.1015  -1.1290   0.0000   0.1161
 -10.500  -0.3002   0.14273   0.13541  -0.0360  1.0000  0.1026  -1.1267   0.0000   0.1172
 -10.400  -0.2998   0.14184   0.13454  -0.0356  1.0000  0.1037  -1.1258   0.0000   0.1184
 -10.300  -0.2998   0.14100   0.13373  -0.0353  1.0000  0.1049  -1.1261   0.0000   0.1197
 -10.200  -0.2999   0.14020   0.13296  -0.0349  1.0000  0.1060  -1.1277   0.0000   0.1211
 -10.100  -0.3004   0.13946   0.13224  -0.0346  1.0000  0.1072  -1.1303   0.0000   0.1226
 -10.000  -0.3012   0.13877   0.13158  -0.0342  1.0000  0.1084  -1.1341   0.0000   0.1243
  -9.900  -0.3022   0.13814   0.13099  -0.0339  1.0000  0.1096  -1.1392   0.0000   0.1260
  -9.800  -0.3037   0.13760   0.13048  -0.0336  1.0000  0.1108  -1.1457   0.0000   0.1278
  -9.700  -0.3058   0.13718   0.13009  -0.0333  1.0000  0.1120  -1.1541   0.0000   0.1298
  -9.600  -0.3085   0.13693   0.12987  -0.0330  1.0000  0.1131  -1.1647   0.0000   0.1320
  -9.500  -0.3121   0.13689   0.12987  -0.0327  1.0000  0.1142  -1.1781   0.0000   0.1345
  -9.400  -0.3167   0.13709   0.13012  -0.0325  1.0000  0.1151  -1.1944   0.0000   0.1372
  -9.300  -0.3222   0.13750   0.13057  -0.0322  1.0000  0.1158  -1.2130   0.0000   0.1402
  -9.200  -0.3284   0.13803   0.13115  -0.0319  1.0000  0.1164  -1.2330   0.0000   0.1433
  -9.100  -0.3350   0.13861   0.13178  -0.0316  1.0000  0.1169  -1.2535   0.0000   0.1466
  -9.000  -0.3417   0.13918   0.13240  -0.0312  1.0000  0.1172  -1.2739   0.0000   0.1499
  -8.900  -0.3485   0.13971   0.13298  -0.0308  1.0000  0.1175  -1.2938   0.0000   0.1533
  -8.800  -0.3554   0.14020   0.13351  -0.0303  1.0000  0.1177  -1.3131   0.0000   0.1566
  -8.700  -0.3622   0.14062   0.13398  -0.0298  1.0000  0.1179  -1.3317   0.0000   0.1600
  -8.600  -0.3690   0.14098   0.13439  -0.0292  1.0000  0.1180  -1.3497   0.0000   0.1635
  -8.500  -0.3760   0.14130   0.13476  -0.0286  1.0000  0.1182  -1.3673   0.0000   0.1670
  -8.400  -0.3832   0.14158   0.13509  -0.0279  1.0000  0.1183  -1.3846   0.0000   0.1706
  -8.300  -0.3303   0.12681   0.12020  -0.0269  1.0000  0.1251  -1.2347   0.0000   0.1601
  -8.200  -0.3248   0.12520   0.11860  -0.0258  1.0000  0.1294  -1.2051   0.0000   0.1621
  -8.100  -0.3250   0.12444   0.11787  -0.0250  1.0000  0.1325  -1.1992   0.0000   0.1646
  -8.000  -0.3270   0.12394   0.11739  -0.0244  1.0000  0.1353  -1.2008   0.0000   0.1672
  -7.900  -0.3304   0.12362   0.11711  -0.0238  1.0000  0.1377  -1.2074   0.0000   0.1699
  -7.800  -0.3351   0.12352   0.11705  -0.0233  1.0000  0.1398  -1.2181   0.0000   0.1728
  -7.700  -0.3410   0.12364   0.11722  -0.0228  1.0000  0.1414  -1.2325   0.0000   0.1758
  -7.600  -0.3480   0.12395   0.11757  -0.0222  1.0000  0.1426  -1.2494   0.0000   0.1790
  -7.500  -0.3558   0.12438   0.11804  -0.0216  1.0000  0.1435  -1.2678   0.0000   0.1824
  -7.400  -0.3642   0.12484   0.11856  -0.0210  1.0000  0.1442  -1.2867   0.0000   0.1860
  -7.300  -0.3729   0.12531   0.11908  -0.0202  1.0000  0.1447  -1.3055   0.0000   0.1898
  -7.200  -0.3818   0.12575   0.11957  -0.0194  1.0000  0.1450  -1.3240   0.0000   0.1935
  -7.100  -0.3907   0.12617   0.12004  -0.0186  1.0000  0.1453  -1.3427   0.0000   0.1970
  -7.000  -0.3987   0.12661   0.12052  -0.0184  1.0000  0.1457  -1.3637   0.0000   0.1985
  -6.900  -0.4056   0.12706   0.12102  -0.0190  1.0000  0.1460  -1.3868   0.0000   0.1982
  -6.800  -0.3698   0.11711   0.11103  -0.0168  1.0000  0.1542  -1.2847   0.0000   0.1989
  -6.700  -0.3637   0.11543   0.10935  -0.0158  1.0000  0.1576  -1.2607   0.0000   0.2006
  -6.600  -0.3644   0.11458   0.10853  -0.0150  1.0000  0.1597  -1.2566   0.0000   0.2031
  -6.500  -0.3667   0.11390   0.10788  -0.0142  1.0000  0.1615  -1.2568   0.0000   0.2058
  -6.400  -0.3699   0.11333   0.10734  -0.0133  1.0000  0.1632  -1.2595   0.0000   0.2085
  -6.300  -0.3740   0.11286   0.10690  -0.0125  1.0000  0.1649  -1.2642   0.0000   0.2114
  -6.200  -0.3789   0.11247   0.10655  -0.0116  1.0000  0.1665  -1.2709   0.0000   0.2143
  -6.100  -0.3845   0.11217   0.10628  -0.0108  1.0000  0.1681  -1.2794   0.0000   0.2170
  -6.000  -0.3901   0.11192   0.10607  -0.0103  1.0000  0.1698  -1.2899   0.0000   0.2190
  -5.900  -0.3956   0.11179   0.10598  -0.0103  1.0000  0.1716  -1.3037   0.0000   0.2195
  -5.800  -0.4019   0.11197   0.10621  -0.0110  1.0000  0.1735  -1.3238   0.0000   0.2184
  -5.700  -0.4088   0.11272   0.10700  -0.0130  1.0000  0.1753  -1.3543   0.0000   0.2141
  -5.600  -0.4140   0.11413   0.10843  -0.0174  1.0000  0.1768  -1.3981   0.0000   0.2041
  -5.500  -0.4143   0.11529   0.10957  -0.0228  1.0000  0.1778  -1.4408   0.0000   0.1913
  -5.400  -0.4140   0.11395   0.10827  -0.0249  1.0000  0.1785  -1.4605   0.0000   0.1864
  -5.300  -0.4160   0.10922   0.10361  -0.0196  1.0000  0.1800  -1.4290   0.0000   0.1993
  -5.200  -0.4145   0.10625   0.10068  -0.0150  1.0000  0.1817  -1.3910   0.0000   0.2102
  -5.100  -0.4115   0.10421   0.09866  -0.0116  1.0000  0.1839  -1.3569   0.0000   0.2181
  -5.000  -0.4087   0.10272   0.09719  -0.0095  1.0000  0.1863  -1.3310   0.0000   0.2232
  -4.900  -0.4069   0.10156   0.09604  -0.0082  1.0000  0.1890  -1.3132   0.0000   0.2263
  -4.800  -0.4057   0.10056   0.09506  -0.0074  1.0000  0.1919  -1.3010   0.0000   0.2282
  -4.700  -0.4050   0.09965   0.09417  -0.0072  1.0000  0.1951  -1.2938   0.0000   0.2288
  -4.600  -0.4046   0.09884   0.09338  -0.0075  1.0000  0.1986  -1.2913   0.0000   0.2281
  -4.500  -0.4041   0.09827   0.09282  -0.0090  1.0000  0.2031  -1.2967   0.0000   0.2244
  -4.400  -0.3905   0.10112   0.09556  -0.0266  1.0000  0.2121  -1.3890   0.0000   0.1787
  -4.300  -0.3946   0.09761   0.09212  -0.0229  1.0000  0.2134  -1.3697   0.0000   0.1888
  -4.200  -0.3965   0.09527   0.08985  -0.0192  1.0000  0.2148  -1.3442   0.0000   0.1984
  -4.100  -0.3971   0.09353   0.08815  -0.0160  1.0000  0.2166  -1.3181   0.0000   0.2066
  -4.000  -0.3967   0.09215   0.08680  -0.0134  1.0000  0.2188  -1.2928   0.0000   0.2132
  -3.900  -0.3954   0.09100   0.08567  -0.0114  1.0000  0.2216  -1.2704   0.0000   0.2180
  -3.800  -0.3934   0.08998   0.08467  -0.0102  1.0000  0.2251  -1.2517   0.0000   0.2210
  -3.700  -0.3613   0.09363   0.08809  -0.0291  1.0000  0.2472  -1.2893   0.0000   0.1665
  -3.600  -0.3667   0.08980   0.08435  -0.0259  1.0000  0.2486  -1.2786   0.0000   0.1764
  -3.500  -0.3698   0.08733   0.08186  -0.0226  1.0000  0.2501  -1.2670   0.0000   0.1860
  -3.400  -0.3714   0.08561   0.08019  -0.0196  1.0000  0.2519  -1.2435   0.0000   0.1944
  -3.300  -0.3717   0.08426   0.07889  -0.0169  1.0000  0.2542  -1.2189   0.0000   0.2017
  -3.200  -0.3710   0.08315   0.07781  -0.0147  1.0000  0.2572  -1.1944   0.0000   0.2075
  -3.100  -0.3394   0.08544   0.07989  -0.0281  1.0000  0.2850  -1.1835   0.0000   0.1643
  -3.000  -0.3441   0.08240   0.07694  -0.0250  1.0000  0.2867  -1.1691   0.0000   0.1744
  -2.900  -0.3467   0.08045   0.07506  -0.0219  1.0000  0.2885  -1.1486   0.0000   0.1840
  -2.800  -0.3480   0.07899   0.07365  -0.0191  1.0000  0.2909  -1.1261   0.0000   0.1924
  -2.700  -0.3168   0.08293   0.07739  -0.0282  1.0000  0.3230  -1.0816   0.0000   0.1580
  -2.600  -0.3236   0.07900   0.07358  -0.0252  1.0000  0.3249  -1.0739   0.0000   0.1694
  -2.500  -0.3272   0.07672   0.07138  -0.0221  1.0000  0.3268  -1.0573   0.0000   0.1799
  -2.400  -0.3292   0.07515   0.06987  -0.0191  1.0000  0.3293  -1.0390   0.0000   0.1894
  -2.300  -0.3053   0.07803   0.07262  -0.0248  1.0000  0.3635  -1.0167   0.0000   0.1659
  -2.200  -0.3114   0.07475   0.06943  -0.0217  1.0000  0.3656  -1.0131   0.0000   0.1778
  -2.100  -0.3148   0.07280   0.06755  -0.0185  1.0000  0.3680  -1.0048   0.0000   0.1887
  -2.000  -0.3166   0.07143   0.06624  -0.0155  1.0000  0.3712  -0.9949   0.0000   0.1984
  -1.900  -0.3167   0.07043   0.06528  -0.0130  1.0000  0.3760  -0.9841   0.0000   0.2066
  -1.800  -0.3058   0.07076   0.06558  -0.0143  1.0000  0.3982  -0.9695   0.0000   0.2008
  -1.500  -0.3051   0.06795   0.06291  -0.0086  1.0000  0.4520  -0.9395   0.0000   0.2195
  -1.400  -0.2966   0.06943   0.06438  -0.0083  1.0000  0.4893  -0.9211   0.0000   0.2196
  -1.200  -0.1105   0.05798   0.05157  -0.0655  1.0000  0.2855  -1.0369   0.0000  -0.3480
  -1.100  -0.1152   0.05567   0.04951  -0.0626  1.0000  0.2914  -1.0182   0.0000  -0.2980
  -1.000   0.0032   0.04803   0.03955  -0.0866  1.0000  0.1196  -1.3505   0.0000  27.8174
  -0.900   0.0152   0.04728   0.03871  -0.0873  1.0000  0.1174  -1.3437   0.0000   6.0274
  -0.800   0.0301   0.04608   0.03740  -0.0888  1.0000  0.1156  -1.3407   0.0000   3.2166
  -0.700   0.0447   0.04522   0.03640  -0.0901  1.0000  0.1141  -1.3385   0.0000   2.2761
  -0.600   0.0592   0.04452   0.03555  -0.0912  1.0000  0.1129  -1.3374   0.0000   1.8004
  -0.500   0.0734   0.04394   0.03481  -0.0923  1.0000  0.1121  -1.3371   0.0000   1.5136
  -0.400   0.0872   0.04345   0.03415  -0.0931  1.0000  0.1118  -1.3371   0.0000   1.3229
  -0.300   0.1002   0.04305   0.03358  -0.0938  1.0000  0.1119  -1.3373   0.0000   1.1893
  -0.200   0.1131   0.04272   0.03308  -0.0944  1.0000  0.1126  -1.3377   0.0000   1.0876
  -0.100   0.1257   0.04247   0.03266  -0.0949  1.0000  0.1138  -1.3388   0.0000   1.0075
   0.000   0.1379   0.04229   0.03232  -0.0953  1.0000  0.1156  -1.3413   0.0000   0.9431
   0.100   0.1495   0.04224   0.03210  -0.0956  1.0000  0.1179  -1.3464   0.0000   0.8909
   0.200   0.1645   0.04159   0.03141  -0.0968  1.0000  0.1266  -1.3486   0.0000   0.8391
   0.300   0.1739   0.04177   0.03161  -0.0971  1.0000  0.1397  -1.3287   0.0000   0.8087
   0.400   0.1866   0.04161   0.03149  -0.0978  1.0000  0.1569  -1.3214   0.0000   0.7744
   0.500   0.1985   0.04165   0.03146  -0.0981  1.0000  0.1746  -1.3333   0.0000   0.7443
   0.600   0.2144   0.04135   0.03118  -0.0990  1.0000  0.2050  -1.3523   0.0000   0.7114
   0.700   0.2317   0.04108   0.03100  -0.1002  1.0000  0.2524  -1.3577   0.0000   0.6816
   0.800   0.2513   0.04080   0.03095  -0.1017  1.0000  0.3219  -1.3459   0.0000   0.6538
   1.000   0.2611   0.03870   0.03084  -0.0980  1.0000  1.0000  -1.3513   0.0000   0.6242
   1.100   0.2698   0.03917   0.03102  -0.0980  1.0000  1.0000  -1.3154   0.0000   0.6119
   1.200   0.2780   0.03966   0.03130  -0.0981  1.0000  1.0000  -1.2731   0.0000   0.6012
   1.300   0.2860   0.04015   0.03164  -0.0981  1.0000  1.0000  -1.2285   0.0000   0.5914
   1.400   0.2938   0.04066   0.03201  -0.0982  1.0000  1.0000  -1.1829   0.0000   0.5824
   1.500   0.3015   0.04117   0.03240  -0.0983  1.0000  1.0000  -1.1367   0.0000   0.5740
   1.600   0.3456   0.04250   0.03340  -0.1047  0.9828  1.0000  -0.9884   0.0000   0.5507
   1.700   0.3683   0.04327   0.03401  -0.1073  0.9746  1.0000  -0.8995   0.0000   0.5389
   1.800   0.3818   0.04375   0.03440  -0.1084  0.9668  1.0000  -0.8361   0.0000   0.5313
   1.900   0.4077   0.04461   0.03509  -0.1113  0.9592  1.0000  -0.7391   0.0000   0.5204
   2.000   0.4151   0.04492   0.03535  -0.1114  0.9526  1.0000  -0.6934   0.0000   0.5155
   2.100   0.4357   0.04561   0.03593  -0.1135  0.9467  1.0000  -0.6123   0.0000   0.5075
   2.200   0.4482   0.04612   0.03637  -0.1143  0.9406  1.0000  -0.6070   0.0000   0.5018
   2.300   0.4573   0.04656   0.03676  -0.1145  0.9353  1.0000  -0.6146   0.0000   0.4973
   2.400   0.4757   0.04718   0.03729  -0.1162  0.9297  1.0000  -0.6291   0.0000   0.4910
   2.500   0.4932   0.04780   0.03780  -0.1177  0.9235  1.0000  -0.6430   0.0000   0.4852
   2.600   0.4985   0.04812   0.03810  -0.1174  0.9170  1.0000  -0.6481   0.0000   0.4818
   2.700   0.5151   0.04864   0.03856  -0.1187  0.9109  1.0000  -0.6619   0.0000   0.4767
   2.800   0.5444   0.04947   0.03927  -0.1219  0.9055  1.0000  -0.6868   0.0000   0.4700
   2.900   0.5411   0.04964   0.03946  -0.1202  0.8982  1.0000  -0.6862   0.0000   0.4681
   3.000   0.5515   0.05008   0.03986  -0.1205  0.8922  1.0000  -0.6962   0.0000   0.4645
   3.100   0.5708   0.05062   0.04035  -0.1222  0.8867  1.0000  -0.7135   0.0000   0.4599
   3.200   0.6006   0.05141   0.04107  -0.1253  0.8821  1.0000  -0.7409   0.0000   0.4544
   3.300   0.5914   0.05160   0.04128  -0.1228  0.8746  1.0000  -0.7358   0.0000   0.4533
   3.400   0.6011   0.05202   0.04168  -0.1230  0.8681  1.0000  -0.7469   0.0000   0.4502
   3.500   0.6209   0.05247   0.04210  -0.1246  0.8623  1.0000  -0.7668   0.0000   0.4461
   3.600   0.6516   0.05309   0.04266  -0.1276  0.8575  1.0000  -0.7971   0.0000   0.4412
   3.700   0.6428   0.05342   0.04301  -0.1253  0.8495  1.0000  -0.7926   0.0000   0.4400
   3.800   0.6504   0.05383   0.04343  -0.1252  0.8428  1.0000  -0.8035   0.0000   0.4375
   3.900   0.6679   0.05423   0.04381  -0.1264  0.8370  1.0000  -0.8238   0.0000   0.4341
   4.000   0.6943   0.05466   0.04420  -0.1286  0.8323  1.0000  -0.8528   0.0000   0.4301
   4.100   0.7002   0.05518   0.04472  -0.1283  0.8257  1.0000  -0.8623   0.0000   0.4279
   4.200   0.6986   0.05563   0.04520  -0.1270  0.8179  1.0000  -0.8654   0.0000   0.4263
   4.300   0.7121   0.05598   0.04555  -0.1275  0.8114  1.0000  -0.8844   0.0000   0.4236
   4.400   0.7353   0.05622   0.04578  -0.1292  0.8060  1.0000  -0.9141   0.0000   0.4201
   4.500   0.7672   0.05643   0.04599  -0.1319  0.8018  1.0000  -0.9549   0.0000   0.4161
   4.600   0.7507   0.05717   0.04676  -0.1288  0.7923  1.0000  -0.9414   0.0000   0.4157
   4.700   0.7572   0.05760   0.04720  -0.1285  0.7850  1.0000  -0.9552   0.0000   0.4137
   4.800   0.7749   0.05781   0.04743  -0.1294  0.7791  1.0000  -0.9825   0.0000   0.4109
   4.900   0.8019   0.05781   0.04755  -0.1313  0.7743  1.0000  -1.0216   0.0000   0.4075
   5.000   0.8230   0.05803   0.04777  -0.1324  0.7691  1.0000  -1.0538   0.0000   0.4046
   5.100   0.8051   0.05902   0.04879  -0.1295  0.7588  1.0000  -1.0376   0.0000   0.4044
   5.200   0.8166   0.05927   0.04906  -0.1296  0.7516  1.0000  -1.0580   0.0000   0.4021
   5.300   0.8394   0.05915   0.04895  -0.1308  0.7459  1.0000  -1.0930   0.0000   0.3991
   5.400   0.8698   0.05878   0.04861  -0.1326  0.7416  1.0000  -1.1382   0.0000   0.3956
   5.500   0.8647   0.05972   0.04957  -0.1311  0.7332  1.0000  -1.1375   0.0000   0.3947
   5.600   0.8613   0.06048   0.05036  -0.1298  0.7241  1.0000  -1.1400   0.0000   0.3936
   5.700   0.8772   0.06049   0.05039  -0.1302  0.7174  1.0000  -1.1706   0.0000   0.3912
   5.800   0.9033   0.05999   0.04993  -0.1313  0.7122  1.0000  -1.2167   0.0000   0.3880
   5.900   0.9367   0.05912   0.04910  -0.1329  0.7083  1.0000  -1.2746   0.0000   0.3845
   6.000   0.9155   0.06094   0.05093  -0.1302  0.6971  1.0000  -1.2501   0.0000   0.3847
   6.100   0.9198   0.06142   0.05144  -0.1296  0.6886  1.0000  -1.2642   0.0000   0.3832
   6.200   0.9402   0.06102   0.05108  -0.1301  0.6825  1.0000  -1.3030   0.0000   0.3805
   6.300   0.9695   0.06002   0.05014  -0.1311  0.6778  1.0000  -1.3595   0.0000   0.3772
   6.400   1.0067   0.05844   0.04863  -0.1325  0.6744  1.0000  -1.4351   0.0000   0.3735
   6.500   0.9706   0.06157   0.05175  -0.1291  0.6603  1.0000  -1.3810   0.0000   0.3748
   6.600   0.9832   0.06144   0.05167  -0.1288  0.6524  1.0000  -1.4133   0.0000   0.3727
   6.700   1.0087   0.06036   0.05065  -0.1292  0.6467  1.0000  -1.4694   0.0000   0.3696
   6.800   1.0432   0.05854   0.04892  -0.1301  0.6428  1.0000  -1.5450   0.0000   0.3661
   6.900   1.0829   0.05608   0.04656  -0.1310  0.6397  1.0000  -1.6417   0.0000   0.3622
   7.000   1.0325   0.06104   0.05147  -0.1274  0.6226  1.0000  -1.5478   0.0000   0.3645
   7.100   1.0531   0.06003   0.05053  -0.1273  0.6155  1.0000  -1.6046   0.0000   0.3618
   7.200   1.0887   0.05760   0.04842  -0.1276  0.6109  1.0000  -1.6950   0.0000   0.3580
   7.300   1.1272   0.05469   0.04561  -0.1279  0.6076  1.0000  -1.7932   0.0000   0.3541
   7.400   1.1749   0.05060   0.04165  -0.1285  0.6053  1.0000  -1.9134   0.0000   0.3499
   7.500   1.1106   0.05796   0.04893  -0.1251  0.5852  1.0000  -1.7829   0.0000   0.3530
   7.600   1.1442   0.05512   0.04620  -0.1248  0.5799  1.0000  -1.8731   0.0000   0.3493
   7.700   1.1900   0.05084   0.04203  -0.1249  0.5762  1.0000  -1.9923   0.0000   0.3449
   7.800   1.2788   0.04310   0.03447  -0.1283  0.5715  1.0000  -2.2060   0.0000   0.3401
   7.900   1.2652   0.04481   0.03620  -0.1256  0.5609  1.0000  -2.1920   0.0000   0.3389
   8.000   1.2613   0.04560   0.03702  -0.1237  0.5493  1.0000  -2.1997   0.0000   0.3376
   8.100   1.3673   0.03776   0.02920  -0.1301  0.5298  1.0000  -2.4852   0.0000   0.3344
   8.200   1.3500   0.03924   0.03074  -0.1265  0.5203  1.0000  -2.4627   0.0000   0.3328
   8.300   1.4066   0.03619   0.02748  -0.1300  0.4957  1.0000  -2.6545   0.0000   0.3313
   8.400   1.3952   0.03727   0.02867  -0.1269  0.4855  1.0000  -2.6467   0.0000   0.3297
   8.500   1.4232   0.03621   0.02741  -0.1279  0.4642  1.0000  -2.7588   0.0000   0.3283
   8.600   1.4224   0.03685   0.02806  -0.1259  0.4511  1.0000  -2.7823   0.0000   0.3269
   8.700   1.4331   0.03678   0.02814  -0.1250  0.4328  1.0000  -2.8414   0.0000   0.3254
   8.800   1.4407   0.03714   0.02842  -0.1241  0.4170  1.0000  -2.8904   0.0000   0.3241
   8.900   1.4434   0.03755   0.02880  -0.1225  0.4028  1.0000  -2.9257   0.0000   0.3227
   9.000   1.4582   0.03782   0.02884  -0.1225  0.3854  1.0000  -2.9970   0.0000   0.3217
   9.100   1.4566   0.03853   0.02963  -0.1205  0.3743  1.0000  -3.0165   0.0000   0.3203
   9.200   1.4786   0.03885   0.02956  -0.1216  0.3550  1.0000  -3.1096   0.0000   0.3195
   9.300   1.4734   0.03966   0.03055  -0.1192  0.3470  1.0000  -3.1173   0.0000   0.3181
   9.400   1.4751   0.04028   0.03119  -0.1177  0.3362  1.0000  -3.1473   0.0000   0.3168
   9.500   1.4936   0.04086   0.03142  -0.1185  0.3199  1.0000  -3.2301   0.0000   0.3161
   9.600   1.4893   0.04163   0.03236  -0.1163  0.3128  1.0000  -3.2404   0.0000   0.3148
   9.700   1.4901   0.04227   0.03304  -0.1147  0.3038  1.0000  -3.2679   0.0000   0.3135
   9.800   1.5131   0.04306   0.03342  -0.1163  0.2880  1.0000  -3.3635   0.0000   0.3132
   9.900   1.5096   0.04388   0.03446  -0.1142  0.2828  1.0000  -3.3734   0.0000   0.3118
  10.000   1.5093   0.04471   0.03541  -0.1126  0.2763  1.0000  -3.3935   0.0000   0.3106
  10.100   1.5145   0.04542   0.03612  -0.1117  0.2683  1.0000  -3.4322   0.0000   0.3096
  10.200   1.5381   0.04656   0.03693  -0.1135  0.2553  1.0000  -3.5260   0.0000   0.3095
  10.300   1.5339   0.04736   0.03793  -0.1114  0.2512  1.0000  -3.5341   0.0000   0.3082
  10.400   1.5315   0.04815   0.03887  -0.1095  0.2462  1.0000  -3.5486   0.0000   0.3069
  10.500   1.5326   0.04887   0.03963  -0.1081  0.2401  1.0000  -3.5758   0.0000   0.3058
  10.600   1.5435   0.04941   0.04002  -0.1080  0.2317  1.0000  -3.6373   0.0000   0.3051
  10.700   1.5571   0.05085   0.04136  -0.1087  0.2234  1.0000  -3.6971   0.0000   0.3047
  10.800   1.5537   0.05174   0.04243  -0.1067  0.2201  1.0000  -3.7055   0.0000   0.3034
  10.900   1.5518   0.05274   0.04359  -0.1050  0.2166  1.0000  -3.7175   0.0000   0.3023
  11.000   1.5521   0.05375   0.04471  -0.1037  0.2127  1.0000  -3.7361   0.0000   0.3013
  11.100   1.5559   0.05472   0.04574  -0.1028  0.2082  1.0000  -3.7660   0.0000   0.3004
  11.200   1.5704   0.05569   0.04662  -0.1033  0.2021  1.0000  -3.8289   0.0000   0.2999
  11.300   1.5899   0.05814   0.04898  -0.1049  0.1955  1.0000  -3.8923   0.0000   0.2999
  11.400   1.5847   0.05921   0.05024  -0.1029  0.1940  1.0000  -3.8915   0.0000   0.2987
  11.500   1.5792   0.06034   0.05155  -0.1009  0.1923  1.0000  -3.8899   0.0000   0.2975
  11.600   1.5735   0.06153   0.05290  -0.0989  0.1905  1.0000  -3.8879   0.0000   0.2964
  11.700   1.5678   0.06276   0.05428  -0.0971  0.1887  1.0000  -3.8864   0.0000   0.2953
  11.800   1.5625   0.06400   0.05566  -0.0954  0.1867  1.0000  -3.8862   0.0000   0.2943
  11.900   1.5580   0.06523   0.05700  -0.0938  0.1845  1.0000  -3.8893   0.0000   0.2933
  12.000   1.5541   0.06640   0.05826  -0.0923  0.1821  1.0000  -3.8978   0.0000   0.2924
  12.100   1.5511   0.06748   0.05941  -0.0910  0.1796  1.0000  -3.9157   0.0000   0.2914
  12.200   1.5896   0.06897   0.06063  -0.0943  0.1686  1.0000  -4.0914   0.0000   0.2919
  12.300   1.5795   0.07010   0.06192  -0.0921  0.1679  1.0000  -4.0803   0.0000   0.2907
  12.400   1.5690   0.07137   0.06334  -0.0900  0.1672  1.0000  -4.0672   0.0000   0.2896
  12.500   1.5583   0.07276   0.06488  -0.0881  0.1666  1.0000  -4.0521   0.0000   0.2887
  12.600   1.5473   0.07429   0.06655  -0.0863  0.1660  1.0000  -4.0349   0.0000   0.2878
  12.700   1.5358   0.07594   0.06834  -0.0847  0.1655  1.0000  -4.0152   0.0000   0.2870
  12.800   1.5237   0.07772   0.07025  -0.0832  0.1651  1.0000  -3.9926   0.0000   0.2863
  12.900   1.5111   0.07963   0.07229  -0.0819  0.1649  1.0000  -3.9668   0.0000   0.2857
  13.000   1.4978   0.08170   0.07449  -0.0807  0.1647  1.0000  -3.9376   0.0000   0.2853
  13.100   1.4837   0.08394   0.07685  -0.0798  0.1647  1.0000  -3.9047   0.0000   0.2850
  13.200   1.4685   0.08641   0.07928  -0.0790  0.1647  1.0000  -3.8685   0.0000   0.2848
  13.300   1.4529   0.08903   0.08201  -0.0784  0.1649  1.0000  -3.8264   0.0000   0.2849
  13.400   1.4366   0.09187   0.08495  -0.0781  0.1653  1.0000  -3.7796   0.0000   0.2851
  13.500   1.4196   0.09493   0.08810  -0.0781  0.1657  1.0000  -3.7280   0.0000   0.2856
  13.600   1.4022   0.09825   0.09150  -0.0783  0.1663  1.0000  -3.6719   0.0000   0.2863
  13.700   1.3845   0.10185   0.09517  -0.0789  0.1669  1.0000  -3.6117   0.0000   0.2873
  13.800   1.3667   0.10574   0.09913  -0.0798  0.1675  1.0000  -3.5476   0.0000   0.2885
  13.900   1.3490   0.10993   0.10336  -0.0809  0.1681  1.0000  -3.4802   0.0000   0.2900
  14.000   1.3317   0.11438   0.10785  -0.0824  0.1686  1.0000  -3.4100   0.0000   0.2918
  14.400   1.1102   0.17803   0.17124  -0.1234  0.2292  1.0000  -2.0909   0.0000   0.3426
  14.500   1.1246   0.17985   0.17313  -0.1219  0.2274  1.0000  -2.1472   0.0000   0.3396
  14.600   1.1341   0.18274   0.17609  -0.1212  0.2264  1.0000  -2.1785   0.0000   0.3379
  15.000   1.0432   0.20191   0.19479  -0.1437  0.3073  1.0000  -1.6508   0.0000   0.3690
  15.100   1.0453   0.20332   0.19623  -0.1441  0.3040  1.0000  -1.6529   0.0000   0.3690
  15.200   1.0495   0.20494   0.19787  -0.1443  0.3004  1.0000  -1.6623   0.0000   0.3684
  15.300   1.0600   0.20722   0.20020  -0.1437  0.2957  1.0000  -1.6934   0.0000   0.3664
  15.400   1.1030   0.22053   0.21390  -0.1403  0.2877  1.0000  -1.8134   0.0000   0.3579
  15.500   1.0928   0.21951   0.21285  -0.1419  0.2870  1.0000  -1.7759   0.0000   0.3604
  15.600   1.0811   0.21759   0.21065  -0.1435  0.2860  1.0000  -1.7397   0.0000   0.3631
  15.700   1.0676   0.21524   0.20826  -0.1454  0.2832  1.0000  -1.6940   0.0000   0.3663
  15.800   1.0615   0.21475   0.20775  -0.1468  0.2777  1.0000  -1.6699   0.0000   0.3682
  15.900   1.0624   0.21582   0.20884  -0.1473  0.2728  1.0000  -1.6675   0.0000   0.3684
  16.000   1.0657   0.21739   0.21044  -0.1476  0.2693  1.0000  -1.6715   0.0000   0.3681
  16.100   1.0708   0.21936   0.21267  -0.1477  0.2660  1.0000  -1.6774   0.0000   0.3673
  16.200   1.0784   0.22175   0.21511  -0.1474  0.2632  1.0000  -1.6942   0.0000   0.3659
  16.300   1.0900   0.22533   0.21876  -0.1467  0.2606  1.0000  -1.7222   0.0000   0.3637
  16.400   1.1136   0.23354   0.22709  -0.1451  0.2580  1.0000  -1.7883   0.0000   0.3593
  16.600   1.1252   0.24402   0.23760  -0.1456  0.2560  1.0000  -1.8171   0.0000   0.3582
  16.700   1.1146   0.24223   0.23577  -0.1475  0.2554  1.0000  -1.7740   0.0000   0.3609
  16.800   1.1005   0.23903   0.23252  -0.1495  0.2543  1.0000  -1.7208   0.0000   0.3642
  16.900   1.0871   0.23605   0.22950  -0.1518  0.2513  1.0000  -1.6669   0.0000   0.3678
  17.000   1.0828   0.23605   0.22949  -0.1533  0.2471  1.0000  -1.6465   0.0000   0.3694
  17.100   1.0831   0.23728   0.23073  -0.1540  0.2434  1.0000  -1.6446   0.0000   0.3699
  17.200   1.0851   0.23887   0.23234  -0.1545  0.2402  1.0000  -1.6500   0.0000   0.3699
  17.300   1.0883   0.24066   0.23415  -0.1548  0.2373  1.0000  -1.6606   0.0000   0.3696
  17.400   1.0932   0.24268   0.23621  -0.1548  0.2344  1.0000  -1.6787   0.0000   0.3688
  17.500   1.1042   0.24581   0.23940  -0.1538  0.2307  1.0000  -1.7246   0.0000   0.3663
  17.600   1.1381   0.26067   0.25438  -0.1502  0.2253  1.0000  -1.8507   0.0000   0.3589
  17.700   1.1284   0.25899   0.25267  -0.1521  0.2247  1.0000  -1.8084   0.0000   0.3615
  17.800   1.1175   0.25678   0.25042  -0.1541  0.2239  1.0000  -1.7625   0.0000   0.3644
  17.900   1.1069   0.25464   0.24824  -0.1564  0.2219  1.0000  -1.7148   0.0000   0.3676
  18.000   1.1009   0.25407   0.24765  -0.1583  0.2176  1.0000  -1.6842   0.0000   0.3698
  18.100   1.1009   0.25511   0.24870  -0.1591  0.2127  1.0000  -1.6800   0.0000   0.3704
  18.200   1.1035   0.25672   0.25033  -0.1594  0.2088  1.0000  -1.6877   0.0000   0.3701
  18.300   1.1071   0.25863   0.25228  -0.1596  0.2061  1.0000  -1.6990   0.0000   0.3696
  18.400   1.1120   0.26083   0.25450  -0.1595  0.2037  1.0000  -1.7165   0.0000   0.3687
  18.500   1.1189   0.26361   0.25733  -0.1590  0.2014  1.0000  -1.7427   0.0000   0.3672
  18.600   1.1299   0.26798   0.26176  -0.1580  0.1994  1.0000  -1.7848   0.0000   0.3648
  18.700   1.1614   0.28302   0.27696  -0.1546  0.1969  1.0000  -1.8963   0.0000   0.3581
  18.800   1.1615   0.28662   0.28053  -0.1555  0.1964  1.0000  -1.8850   0.0000   0.3586
  18.900   1.1543   0.28574   0.27962  -0.1573  0.1961  1.0000  -1.8482   0.0000   0.3608
  19.000   1.1449   0.28393   0.27778  -0.1592  0.1956  1.0000  -1.8058   0.0000   0.3633
  19.100   1.1349   0.28178   0.27559  -0.1613  0.1949  1.0000  -1.7598   0.0000   0.3662
  19.200   1.1256   0.27985   0.27364  -0.1636  0.1932  1.0000  -1.7128   0.0000   0.3692
  19.300   1.1207   0.27970   0.27348  -0.1654  0.1903  1.0000  -1.6826   0.0000   0.3712
  19.400   1.1198   0.28094   0.27472  -0.1665  0.1874  1.0000  -1.6703   0.0000   0.3721
  19.500   1.1205   0.28261   0.27640  -0.1672  0.1847  1.0000  -1.6656   0.0000   0.3725
  19.600   1.1218   0.28443   0.27824  -0.1678  0.1823  1.0000  -1.6650   0.0000   0.3726
  19.700   1.1238   0.28635   0.28019  -0.1682  0.1801  1.0000  -1.6677   0.0000   0.3724
  19.800   1.1263   0.28837   0.28223  -0.1684  0.1781  1.0000  -1.6735   0.0000   0.3721
  19.900   1.1295   0.29053   0.28441  -0.1685  0.1762  1.0000  -1.6936   0.0000   0.3716
  20.000   1.1336   0.29295   0.28687  -0.1684  0.1745  1.0000  -1.7231   0.0000   0.3708
  20.100   1.1391   0.29591   0.28987  -0.1680  0.1729  1.0000  -1.7611   0.0000   0.3695
  20.200   1.1475   0.30017   0.29419  -0.1672  0.1714  1.0000  -1.8145   0.0000   0.3676
  20.300   1.1661   0.30992   0.30404  -0.1653  0.1698  1.0000  -1.9167   0.0000   0.3635
  20.400   1.1788   0.32030   0.31444  -0.1646  0.1688  1.0000  -1.9743   0.0000   0.3613
  20.500   1.1713   0.31922   0.31334  -0.1662  0.1686  1.0000  -1.9364   0.0000   0.3633
  20.600   1.1626   0.31770   0.31179  -0.1679  0.1682  1.0000  -1.8942   0.0000   0.3656
  20.700   1.1538   0.31606   0.31013  -0.1696  0.1677  1.0000  -1.8498   0.0000   0.3680
  20.800   1.1452   0.31450   0.30856  -0.1716  0.1669  1.0000  -1.8037   0.0000   0.3705
  20.900   1.1385   0.31372   0.30776  -0.1735  0.1651  1.0000  -1.7637   0.0000   0.3729
  21.000   1.1352   0.31440   0.30844  -0.1749  0.1624  1.0000  -1.7434   0.0000   0.3743
  21.100   1.1343   0.31590   0.30996  -0.1758  0.1594  1.0000  -1.7390   0.0000   0.3750
  21.200   1.1346   0.31767   0.31175  -0.1763  0.1563  1.0000  -1.7442   0.0000   0.3752
  21.300   1.1359   0.31953   0.31363  -0.1765  0.1532  1.0000  -1.7584   0.0000   0.3750
  21.400   1.1388   0.32154   0.31568  -0.1763  0.1501  1.0000  -1.7854   0.0000   0.3742
  21.500   1.1451   0.32434   0.31853  -0.1753  0.1470  1.0000  -1.8374   0.0000   0.3722
  21.600   1.1599   0.33085   0.32524  -0.1732  0.1446  1.0000  -1.9445   0.0000   0.3683
  21.700   1.1860   0.34674   0.34120  -0.1710  0.1430  1.0000  -2.0684   0.0000   0.3631
  21.800   1.1785   0.34621   0.34066  -0.1723  0.1428  1.0000  -2.0300   0.0000   0.3649
  21.900   1.1701   0.34545   0.33989  -0.1735  0.1426  1.0000  -1.9885   0.0000   0.3668
  22.000   1.1612   0.34458   0.33902  -0.1748  0.1423  1.0000  -1.9448   0.0000   0.3688
  22.100   1.1520   0.34368   0.33810  -0.1761  0.1418  1.0000  -1.8985   0.0000   0.3709
  22.200   1.1426   0.34291   0.33733  -0.1774  0.1411  1.0000  -1.8508   0.0000   0.3731
  22.300   1.1346   0.34276   0.33718  -0.1787  0.1397  1.0000  -1.8080   0.0000   0.3751
  22.400   1.1290   0.34361   0.33805  -0.1795  0.1378  1.0000  -1.7794   0.0000   0.3765
  22.500   1.1248   0.34506   0.33952  -0.1800  0.1358  1.0000  -1.7623   0.0000   0.3773
  22.600   1.1208   0.34667   0.34116  -0.1800  0.1339  1.0000  -1.7501   0.0000   0.3778
  22.700   1.1160   0.34822   0.34274  -0.1798  0.1321  1.0000  -1.7389   0.0000   0.3781
  22.800   1.1089   0.34946   0.34402  -0.1791  0.1305  1.0000  -1.7242   0.0000   0.3784
  22.900   1.0062   0.33082   0.32568  -0.1637  0.1303  1.0000  -1.4927   0.0000   0.3810
  23.000   0.9995   0.33031   0.32520  -0.1629  0.1288  1.0000  -1.4807   0.0000   0.3812
  23.100   0.9941   0.33001   0.32495  -0.1622  0.1273  1.0000  -1.4730   0.0000   0.3813
  23.200   0.9898   0.32989   0.32487  -0.1616  0.1259  1.0000  -1.4692   0.0000   0.3813
  23.300   0.9866   0.32999   0.32500  -0.1609  0.1246  1.0000  -1.4696   0.0000   0.3810
  23.400   0.9845   0.33038   0.32544  -0.1603  0.1233  1.0000  -1.4750   0.0000   0.3806
  23.500   0.9841   0.33136   0.32646  -0.1596  0.1222  1.0000  -1.4876   0.0000   0.3798
  23.600   0.9874   0.33380   0.32895  -0.1590  0.1210  1.0000  -1.5140   0.0000   0.3785
  23.700   1.0084   0.34390   0.33908  -0.1592  0.1198  1.0000  -1.5984   0.0000   0.3750
  23.800   1.0446   0.36164   0.35677  -0.1622  0.1189  1.0000  -1.7141   0.0000   0.3718
  23.900   1.0205   0.35484   0.35002  -0.1602  0.1188  1.0000  -1.6403   0.0000   0.3737
  24.000   1.0015   0.34921   0.34443  -0.1590  0.1187  1.0000  -1.5793   0.0000   0.3755
  24.100   0.9857   0.34434   0.33959  -0.1583  0.1185  1.0000  -1.5258   0.0000   0.3773
  24.200   0.9721   0.34014   0.33542  -0.1579  0.1182  1.0000  -1.4775   0.0000   0.3791
  24.300   0.9608   0.33667   0.33197  -0.1579  0.1178  1.0000  -1.4342   0.0000   0.3809
  24.400   0.9518   0.33410   0.32942  -0.1581  0.1172  1.0000  -1.3967   0.0000   0.3827
  24.500   0.9452   0.33259   0.32792  -0.1586  0.1163  1.0000  -1.3670   0.0000   0.3842
  24.600   0.9407   0.33201   0.32737  -0.1590  0.1150  1.0000  -1.3473   0.0000   0.3853
  24.700   0.9375   0.33197   0.32735  -0.1594  0.1134  1.0000  -1.3358   0.0000   0.3861
  24.800   0.9350   0.33215   0.32755  -0.1596  0.1118  1.0000  -1.3293   0.0000   0.3866
  24.900   0.9329   0.33242   0.32784  -0.1597  0.1103  1.0000  -1.3255   0.0000   0.3870
  25.000   0.9310   0.33272   0.32817  -0.1598  0.1088  1.0000  -1.3235   0.0000   0.3872
  25.100   0.9293   0.33305   0.32852  -0.1598  0.1073  1.0000  -1.3229   0.0000   0.3874
  25.200   0.9278   0.33339   0.32889  -0.1598  0.1058  1.0000  -1.3238   0.0000   0.3875
  25.300   0.9265   0.33376   0.32928  -0.1598  0.1044  1.0000  -1.3264   0.0000   0.3875
  25.400   0.9257   0.33416   0.32971  -0.1597  0.1030  1.0000  -1.3322   0.0000   0.3874
  25.500   0.9257   0.33471   0.33029  -0.1593  0.1012  1.0000  -1.3475   0.0000   0.3868
  25.600   0.9298   0.33685   0.33247  -0.1583  0.0989  1.0000  -1.3958   0.0000   0.3848
  25.700   0.9500   0.35087   0.34648  -0.1577  0.0968  1.0000  -1.4993   0.0000   0.3802
  25.800   0.9385   0.34622   0.34185  -0.1577  0.0966  1.0000  -1.4474   0.0000   0.3822
  25.900   0.9288   0.34242   0.33806  -0.1580  0.0962  1.0000  -1.3992   0.0000   0.3842
  26.000   0.9213   0.33971   0.33536  -0.1586  0.0958  1.0000  -1.3559   0.0000   0.3861
  26.100   0.9161   0.33829   0.33395  -0.1594  0.0950  1.0000  -1.3204   0.0000   0.3877
  26.200   0.9128   0.33792   0.33358  -0.1601  0.0939  1.0000  -1.2938   0.0000   0.3889
  26.300   0.9107   0.33811   0.33379  -0.1606  0.0925  1.0000  -1.2757   0.0000   0.3897
  26.400   0.9091   0.33852   0.33422  -0.1610  0.0909  1.0000  -1.2636   0.0000   0.3903
  26.500   0.9078   0.33898   0.33470  -0.1613  0.0893  1.0000  -1.2550   0.0000   0.3906
  26.600   0.9067   0.33946   0.33519  -0.1615  0.0879  1.0000  -1.2487   0.0000   0.3909
  26.700   0.9057   0.33992   0.33568  -0.1617  0.0864  1.0000  -1.2441   0.0000   0.3911
  26.800   0.9048   0.34039   0.33616  -0.1618  0.0851  1.0000  -1.2409   0.0000   0.3912
  26.900   0.9041   0.34084   0.33663  -0.1619  0.0838  1.0000  -1.2394   0.0000   0.3912
  27.000   0.9035   0.34130   0.33711  -0.1619  0.0826  1.0000  -1.2398   0.0000   0.3911
  27.100   0.9032   0.34178   0.33761  -0.1618  0.0814  1.0000  -1.2426   0.0000   0.3909
  27.200   0.9031   0.34237   0.33822  -0.1617  0.0803  1.0000  -1.2490   0.0000   0.3906
  27.300   0.9038   0.34330   0.33918  -0.1613  0.0792  1.0000  -1.2616   0.0000   0.3898
  27.400   0.9069   0.34581   0.34172  -0.1606  0.0782  1.0000  -1.2893   0.0000   0.3883
  27.500   0.9252   0.36033   0.35623  -0.1600  0.0770  1.0000  -1.3701   0.0000   0.3838
  27.600   0.9184   0.35748   0.35339  -0.1602  0.0769  1.0000  -1.3323   0.0000   0.3852
  27.700   0.9122   0.35489   0.35081  -0.1605  0.0768  1.0000  -1.2953   0.0000   0.3866
  27.800   0.9066   0.35263   0.34856  -0.1610  0.0766  1.0000  -1.2592   0.0000   0.3879
  27.900   0.9017   0.35078   0.34671  -0.1615  0.0764  1.0000  -1.2241   0.0000   0.3893
  28.000   0.8976   0.34943   0.34537  -0.1621  0.0761  1.0000  -1.1905   0.0000   0.3906
  28.100   0.8944   0.34867   0.34462  -0.1628  0.0757  1.0000  -1.1590   0.0000   0.3919
  28.200   0.8921   0.34848   0.34444  -0.1636  0.0750  1.0000  -1.1300   0.0000   0.3930
  28.300   0.8906   0.34879   0.34475  -0.1643  0.0739  1.0000  -1.1055   0.0000   0.3939
  28.400   0.8896   0.34935   0.34533  -0.1649  0.0724  1.0000  -1.0869   0.0000   0.3945
  28.500   0.8889   0.34995   0.34594  -0.1653  0.0707  1.0000  -1.0732   0.0000   0.3949
  28.600   0.8882   0.35052   0.34653  -0.1656  0.0688  1.0000  -1.0634   0.0000   0.3951
  28.700   0.8877   0.35103   0.34706  -0.1658  0.0670  1.0000  -1.0574   0.0000   0.3952
  28.800   0.8874   0.35148   0.34752  -0.1659  0.0652  1.0000  -1.0558   0.0000   0.3952
  28.900   0.8872   0.35187   0.34801  -0.1659  0.0635  1.0000  -1.0632   0.0000   0.3950
  29.000   0.8875   0.35228   0.34844  -0.1657  0.0619  1.0000  -1.0768   0.0000   0.3944
  29.100   0.8897   0.35377   0.34997  -0.1648  0.0604  1.0000  -1.1130   0.0000   0.3926
  29.200   0.9002   0.36345   0.35964  -0.1637  0.0592  1.0000  -1.1754   0.0000   0.3890
  29.300   0.8959   0.36171   0.35791  -0.1641  0.0592  1.0000  -1.1449   0.0000   0.3902
  29.400   0.8922   0.36040   0.35661  -0.1646  0.0591  1.0000  -1.1168   0.0000   0.3913
  29.500   0.8891   0.35946   0.35567  -0.1651  0.0589  1.0000  -1.0906   0.0000   0.3923
  29.600   0.8864   0.35877   0.35499  -0.1657  0.0588  1.0000  -1.0654   0.0000   0.3932
  29.700   0.8841   0.35835   0.35458  -0.1663  0.0586  1.0000  -1.0413   0.0000   0.3942
  29.800   0.8823   0.35822   0.35447  -0.1669  0.0584  1.0000  -1.0185   0.0000   0.3950
  29.900   0.8808   0.35838   0.35463  -0.1675  0.0581  1.0000  -0.9972   0.0000   0.3958
  30.000   0.8797   0.35878   0.35504  -0.1682  0.0577  1.0000  -0.9779   0.0000   0.3966
  30.100   0.8789   0.35936   0.35564  -0.1688  0.0571  1.0000  -0.9610   0.0000   0.3972
  30.200   0.8783   0.36004   0.35633  -0.1693  0.0565  1.0000  -0.9468   0.0000   0.3976
  30.300   0.8778   0.36075   0.35705  -0.1698  0.0557  1.0000  -0.9349   0.0000   0.3980
  30.400   0.8773   0.36145   0.35776  -0.1702  0.0550  1.0000  -0.9249   0.0000   0.3983
  30.500   0.8768   0.36214   0.35847  -0.1705  0.0542  1.0000  -0.9164   0.0000   0.3986
  30.600   0.8763   0.36281   0.35916  -0.1709  0.0535  1.0000  -0.9089   0.0000   0.3988
  30.700   0.8759   0.36348   0.35983  -0.1712  0.0527  1.0000  -0.9023   0.0000   0.3990
  30.800   0.8754   0.36412   0.36050  -0.1715  0.0520  1.0000  -0.8965   0.0000   0.3992
  30.900   0.8750   0.36476   0.36115  -0.1718  0.0513  1.0000  -0.8913   0.0000   0.3994
  31.000   0.8746   0.36538   0.36179  -0.1721  0.0507  1.0000  -0.8868   0.0000   0.3995
  31.100   0.8742   0.36599   0.36241  -0.1723  0.0500  1.0000  -0.8829   0.0000   0.3997
  31.200   0.8738   0.36659   0.36303  -0.1726  0.0494  1.0000  -0.8797   0.0000   0.3998
  31.300   0.8734   0.36718   0.36363  -0.1729  0.0488  1.0000  -0.8771   0.0000   0.3999
  31.400   0.8730   0.36775   0.36422  -0.1731  0.0482  1.0000  -0.8753   0.0000   0.4000
  31.500   0.8727   0.36831   0.36480  -0.1733  0.0477  1.0000  -0.8743   0.0000   0.4000
  31.600   0.8723   0.36886   0.36536  -0.1735  0.0472  1.0000  -0.8742   0.0000   0.4000
  31.700   0.8720   0.36940   0.36592  -0.1737  0.0467  1.0000  -0.8752   0.0000   0.4000
  31.800   0.8717   0.36994   0.36647  -0.1738  0.0462  1.0000  -0.8776   0.0000   0.4000
  31.900   0.8715   0.37049   0.36704  -0.1739  0.0457  1.0000  -0.8816   0.0000   0.3998
  32.000   0.8713   0.37112   0.36769  -0.1739  0.0453  1.0000  -0.8879   0.0000   0.3996
  32.100   0.8714   0.37197   0.36856  -0.1738  0.0448  1.0000  -0.8976   0.0000   0.3992
  32.200   0.8722   0.37351   0.37013  -0.1736  0.0444  1.0000  -0.9133   0.0000   0.3984
  32.300   0.8757   0.37797   0.37461  -0.1730  0.0440  1.0000  -0.9442   0.0000   0.3968
  32.800   0.8703   0.37984   0.37650  -0.1750  0.0436  1.0000  -0.8909   0.0000   0.3988
  32.900   0.8688   0.37970   0.37636  -0.1755  0.0436  1.0000  -0.8764   0.0000   0.3994
  33.000   0.8674   0.37968   0.37636  -0.1760  0.0435  1.0000  -0.8624   0.0000   0.4001
  33.100   0.8662   0.37979   0.37648  -0.1766  0.0434  1.0000  -0.8489   0.0000   0.4007
  33.200   0.8652   0.38004   0.37674  -0.1771  0.0433  1.0000  -0.8359   0.0000   0.4012
  33.300   0.8644   0.38042   0.37713  -0.1777  0.0431  1.0000  -0.8235   0.0000   0.4018
  33.400   0.8637   0.38091   0.37763  -0.1783  0.0430  1.0000  -0.8119   0.0000   0.4023
  33.500   0.8631   0.38150   0.37829  -0.1788  0.0428  1.0000  -0.8005   0.0000   0.4027
  33.600   0.8626   0.38217   0.37898  -0.1794  0.0426  1.0000  -0.7903   0.0000   0.4031
  33.700   0.8622   0.38290   0.37972  -0.1799  0.0423  1.0000  -0.7811   0.0000   0.4035
  33.800   0.8618   0.38366   0.38049  -0.1804  0.0420  1.0000  -0.7729   0.0000   0.4039
  33.900   0.8615   0.38444   0.38128  -0.1808  0.0417  1.0000  -0.7656   0.0000   0.4042
  34.000   0.8611   0.38521   0.38207  -0.1813  0.0413  1.0000  -0.7591   0.0000   0.4044
  34.100   0.8608   0.38597   0.38284  -0.1817  0.0409  1.0000  -0.7535   0.0000   0.4047
  34.200   0.8604   0.38672   0.38361  -0.1821  0.0405  1.0000  -0.7485   0.0000   0.4049
  34.300   0.8601   0.38746   0.38436  -0.1825  0.0400  1.0000  -0.7440   0.0000   0.4051
  34.400   0.8597   0.38819   0.38510  -0.1828  0.0396  1.0000  -0.7399   0.0000   0.4053
  34.500   0.8593   0.38890   0.38584  -0.1832  0.0392  1.0000  -0.7362   0.0000   0.4054
  34.600   0.8589   0.38961   0.38656  -0.1836  0.0388  1.0000  -0.7329   0.0000   0.4056
  34.700   0.8585   0.39031   0.38728  -0.1839  0.0384  1.0000  -0.7298   0.0000   0.4058
  34.800   0.8581   0.39101   0.38799  -0.1843  0.0380  1.0000  -0.7270   0.0000   0.4059
  34.900   0.8577   0.39170   0.38869  -0.1846  0.0376  1.0000  -0.7244   0.0000   0.4061
  35.000   0.8573   0.39238   0.38939  -0.1849  0.0372  1.0000  -0.7220   0.0000   0.4063
  35.100   0.8569   0.39306   0.39008  -0.1853  0.0368  1.0000  -0.7199   0.0000   0.4064
  35.200   0.8565   0.39373   0.39077  -0.1856  0.0364  1.0000  -0.7180   0.0000   0.4065
  35.300   0.8561   0.39439   0.39145  -0.1859  0.0361  1.0000  -0.7163   0.0000   0.4067
  35.400   0.8556   0.39505   0.39213  -0.1863  0.0357  1.0000  -0.7149   0.0000   0.4068
  35.500   0.8552   0.39571   0.39279  -0.1866  0.0353  1.0000  -0.7136   0.0000   0.4069
  35.600   0.8548   0.39635   0.39346  -0.1869  0.0350  1.0000  -0.7127   0.0000   0.4071
  35.700   0.8544   0.39699   0.39411  -0.1872  0.0347  1.0000  -0.7120   0.0000   0.4072
  35.800   0.8539   0.39762   0.39475  -0.1876  0.0343  1.0000  -0.7116   0.0000   0.4073
  35.900   0.8535   0.39824   0.39539  -0.1879  0.0340  1.0000  -0.7114   0.0000   0.4074
  36.000   0.8530   0.39885   0.39602  -0.1882  0.0337  1.0000  -0.7117   0.0000   0.4075
  36.100   0.8526   0.39945   0.39663  -0.1885  0.0334  1.0000  -0.7123   0.0000   0.4076
  36.200   0.8521   0.40003   0.39723  -0.1887  0.0331  1.0000  -0.7133   0.0000   0.4076
  36.300   0.8516   0.40061   0.39783  -0.1890  0.0328  1.0000  -0.7149   0.0000   0.4077
  36.400   0.8511   0.40117   0.39840  -0.1892  0.0325  1.0000  -0.7170   0.0000   0.4077
  36.500   0.8506   0.40173   0.39898  -0.1895  0.0323  1.0000  -0.7198   0.0000   0.4077
  36.600   0.8501   0.40228   0.39955  -0.1897  0.0320  1.0000  -0.7236   0.0000   0.4077
  36.700   0.8496   0.40285   0.40014  -0.1898  0.0318  1.0000  -0.7284   0.0000   0.4076
  36.800   0.8492   0.40350   0.40080  -0.1899  0.0315  1.0000  -0.7348   0.0000   0.4075
  36.900   0.8488   0.40432   0.40165  -0.1899  0.0313  1.0000  -0.7434   0.0000   0.4072
  37.000   0.8488   0.40567   0.40302  -0.1898  0.0311  1.0000  -0.7557   0.0000   0.4067
  37.100   0.8500   0.40857   0.40594  -0.1895  0.0309  1.0000  -0.7747   0.0000   0.4058


